PeptideID	apo_D%_1s	apo_D%_30s	apo_D%_60s	apo_D%_900s	apo_D%_3600s																																		
aa_212-222_+2	1.80	14.75	16.19	25.18	35.97																																		
aa_279-287_+2	60.23	83.77	89.11	89.18	91.13																																		
aa_299-309_+2	5.24	18.73	19.48	31.46	37.08																																		
aa_318-327_+2	-2.92	3.84	4.89	10.95	21.47																																		
aa_318-324_+2	0.37	12.22	13.33	27.04	42.96																																		
aa_331-340_+1	15.71	35.71	39.64	68.93	77.50																																		
aa_341-351_+2	30.46	62.16	72.05	96.25	95.91																																		
aa_352-370_+3	15.49	42.96	50.70	73.59	72.89																																		
aa_352-363_+3	26.05	51.11	57.03	70.92	69.80																																		
aa_364-370_+2	8.80	22.18	30.99	70.07	71.48																																		
aa_371-378_+2	9.65	31.10	42.30	80.46	87.16																																		
aa_371-377_+2	8.90	24.45	34.37	78.41	86.53																																		
aa_390-401_+2	13.27	31.75	38.51	50.95	53.79																																		
aa_391-401_+2	13.27	34.06	42.99	56.99	59.90																																		
aa_402-408_+1	17.09	29.64	28.99	33.60	40.20																																		
aa_419-431_+2	38.64	60.70	63.97	71.65	71.00																																		
aa_420-431_+2	41.23	60.15	61.63	74.75	76.63																																		
aa_421-431_+2	45.07	65.31	68.52	78.52	77.88																																		
aa_422-431_+2	50.12	68.69	71.20	73.82	71.76																																		
aa_432-442_+2	11.74	33.02	37.21	63.37	75.93																																		
aa_432-442_+3	11.96	33.15	37.17	63.04	75.79																																		
aa_443-452_+2	10.94	52.04	62.50	84.86	90.99																																		
aa_443-448_+2	7.64	37.85	46.18	73.26	84.72																																		
aa_445-452_+2	12.79	53.43	62.47	74.89	74.82																																		
aa_453-469_+3	54.50	83.11	88.84	89.69	87.62																																		
aa_453-469_+2	35.47	54.22	53.92	59.12	61.21																																		
aa_453-477_+3	49.06	83.19	89.60	91.50	90.52																																		
aa_453-477_+4	49.31	84.55	88.40	90.27	88.95																																		
aa_464-477_+2	45.72	93.39	98.43	99.64	98.64																																		
aa_470-477_+1	34.59	74.83	81.37	82.53	78.49																																		
aa_470-477_+2	38.95	79.59	89.39	93.72	84.72																																		
																																							
																																							
																																							
																																							
																																							
																																							
																																							
																																							
																																							
																																							
																																							
																																							
																																							
																																							
																																							
																																							
																																							
																																							
																																							
																																							
																																							
																																							
																																							
																																							
																																							
																																							
																																							
																																							
																																							
																																							
																																							
																																							
																																							
																																							
																																							
																																							
																																							
																																							
																																							
