PeptideID	apo_SD_1s	apo_SD_30s	apo_SD_60s	apo_SD_900s	apo_SD_3600s																																		
aa_212-222_+2	0.87	4.19	3.66	1.92	1.57																																		
aa_279-287_+2	5.76	1.92	1.92	2.79	1.39																																		
aa_299-309_+2	1.69	1.50	1.31	3.56	3.56																																		
aa_318-327_+2	2.56	2.19	2.19	0.91	2.19																																		
aa_318-324_+2	0.74	3.15	1.48	2.59	2.41																																		
aa_331-340_+1	1.07	6.79	1.96	2.32	1.07																																		
aa_341-351_+2	1.19	5.11	1.19	3.41	2.73																																		
aa_352-370_+3	1.06	3.87	1.23	2.82	2.64																																		
aa_352-363_+3	2.45	1.93	1.58	2.98	2.10																																		
aa_364-370_+2	1.58	6.51	1.41	1.76	2.29																																		
aa_371-378_+2	2.09	7.50	1.22	3.14	2.62																																		
aa_371-377_+2	1.46	4.94	1.28	4.94	4.21																																		
aa_390-401_+2	1.42	1.42	1.07	1.42	1.78																																		
aa_391-401_+2	2.13	2.31	1.78	2.13	2.31																																		
aa_402-408_+1	4.64	2.75	1.89	1.89	1.38																																		
aa_419-431_+2	2.69	3.77	2.33	3.05	2.15																																		
aa_420-431_+2	1.44	2.89	1.62	3.79	2.52																																		
aa_421-431_+2	3.17	2.99	1.76	2.64	2.46																																		
aa_422-431_+2	1.24	1.77	1.42	4.42	3.71																																		
aa_432-442_+2	1.40	3.84	2.09	1.92	2.27																																		
aa_432-442_+3	1.63	4.17	2.90	1.63	1.81																																		
aa_443-452_+2	1.98	6.67	1.80	2.52	1.26																																		
aa_443-448_+2	1.39	6.25	2.08	3.99	2.95																																		
aa_445-452_+2	1.74	8.02	9.24	8.20	5.58																																		
aa_453-469_+3	4.27	1.60	1.07	3.91	3.20																																		
aa_453-469_+2	2.20	4.22	1.86	1.52	2.03																																		
aa_453-477_+3	5.31	1.95	0.71	3.89	2.48																																		
aa_453-477_+4	5.73	1.56	0.87	3.13	2.95																																		
aa_464-477_+2	6.61	2.14	1.43	3.39	2.14																																		
aa_470-477_+1	4.28	3.25	4.28	5.14	3.08																																		
aa_470-477_+2	5.41	6.28	5.93	6.98	0.87																																		
																																							
																																							
																																							
																																							
																																							
																																							
																																							
																																							
																																							
																																							
																																							
																																							
																																							
																																							
																																							
																																							
																																							
																																							
																																							
																																							
																																							
																																							
																																							
																																							
																																							
																																							
																																							
																																							
																																							
																																							
																																							
																																							
																																							
																																							
																																							
																																							
																																							
																																							
																																							
