PeptideID	rosi_D%_1s	rosi_D%_30s	rosi_D%_60s	rosi_D%_900s	rosi_D%_3600s																																		
aa_212-222_+2	1.079	15.108	16.187	26.619	36.691																																		
aa_279-287_+2	29.884	29.705	38.531	89.526	91.128																																		
aa_299-309_+2	5.618	18.727	19.85	31.461	37.079																																		
aa_318-327_+2	-4.015	-0.907	4.163	2.924	6.867																																		
aa_318-324_+2	0.37	6.667	5.185	14.074	18.889																																		
aa_331-340_+1	16.786	24.286	30.714	40	50.357																																		
aa_341-351_+2	30.455	57.045	57.045	72.045	77.841																																		
aa_352-370_+3	16.197	38.028	39.789	54.225	62.324																																		
aa_352-363_+3	26.05	50.761	53.179	59.35	63.137																																		
aa_364-370_+2	8.803	15.141	11.62	32.042	54.225																																		
aa_371-378_+2	10.699	24.475	25.557	60.925	69.714																																		
aa_371-377_+2	8.901	21.52	21.558	58.654	70.067																																		
aa_390-401_+2	12.915	30.687	34.597	47.393	49.171																																		
aa_391-401_+2	12.915	33.35	38.364	52.722	54.923																																		
aa_402-408_+1	17.775	30.328	28.988	33.596	40.201																																		
aa_419-431_+2	38.995	61.42	63.611	69.492	70.641																																		
aa_420-431_+2	41.587	59.792	61.632	74.753	76.267																																		
aa_421-431_+2	44.719	64.961	68.519	78.163	78.236																																		
aa_422-431_+2	49.765	68.688	71.554	74.169	71.763																																		
aa_432-442_+2	11.744	33.023	37.209	59.186	72.791																																		
aa_432-442_+3	11.958	32.788	36.81	59.419	72.169																																		
aa_443-452_+2	12.38	26.442	21.394	44.111	66.106																																		
aa_443-448_+2	9.375	21.181	16.319	33.333	51.389																																		
aa_445-452_+2	15.581	24.479	19.909	48.377	68.19																																		
aa_453-469_+3	49.526	75.293	78.883	88.621	86.914																																		
aa_453-469_+2	35.135	54.22	54.254	59.455	59.523																																		
aa_453-477_+3	37.737	66.214	70.846	91.504	90.868																																		
aa_453-477_+4	36.113	66.837	70.692	90.619	89.299																																		
aa_464-477_+2	26.788	66.961	70.57	100.352	98.635																																		
aa_470-477_+1	22.26	51.194	57.052	78.761	78.488																																		
aa_470-477_+2	20.467	53.776	57.996	87.436	87.858																																		
																																							
																																							
																																							
																																							
																																							
																																							
																																							
																																							
																																							
																																							
																																							
																																							
																																							
																																							
																																							
																																							
																																							
																																							
																																							
																																							
																																							
																																							
																																							
																																							
																																							
																																							
																																							
																																							
																																							
																																							
																																							
																																							
																																							
																																							
																																							
																																							
																																							
																																							
																																							
