PeptideID	rosi_SD_1s	rosi_SD_30s	rosi_SD_60s	rosi_SD_900s	rosi_SD_3600s																																		
aa_212-222_+2	1.57	5.057	4.1845	2.44	1.3945																																		
aa_279-287_+2	4.186	5.581	4.011	2.266	1.3935																																		
aa_299-309_+2	1.4985	7.1165	3.3705	3.7455	2.809																																		
aa_318-327_+2	0.729	2.007	7.117	1.095	1.825																																		
aa_318-324_+2	1.111	4.4445	3.3335	1.8515	1.852																																		
aa_331-340_+1	1.7855	5.536	2.857	1.786	1.607																																		
aa_341-351_+2	0.852	9.2045	3.0685	1.534	1.364																																		
aa_352-370_+3	0.88	6.69	2.6405	1.4085	2.289																																		
aa_352-363_+3	2.278	5.608	1.9275	1.5785	1.7525																																		
aa_364-370_+2	1.5845	9.507	3.8735	0.8805	0.8805																																		
aa_371-378_+2	1.5695	10.2905	4.0105	2.4405	2.093																																		
aa_371-377_+2	2.196	9.6955	3.2935	4.0245	4.207																																		
aa_390-401_+2	0.8885	4.2655	1.777	1.2445	1.5995																																		
aa_391-401_+2	2.132	4.4425	1.7755	1.776	1.9555																																		
aa_402-408_+1	1.7195	2.753	1.719	2.9225	2.41																																		
aa_419-431_+2	1.794	2.1535	1.0765	1.0755	2.1535																																		
aa_420-431_+2	1.2605	2.8855	1.804	3.605	1.8025																																		
aa_421-431_+2	2.1125	3.1675	2.1135	1.41	4.226																																		
aa_422-431_+2	1.416	1.4145	3.0075	3.892	3.537																																		
aa_432-442_+2	1.7445	5.581	2.7905	1.5695	1.744																																		
aa_432-442_+3	1.449	5.6155	3.079	1.6305	1.6305																																		
aa_443-452_+2	1.6225	13.341	5.7695	1.803	1.803																																		
aa_443-448_+2	1.2155	10.4165	3.646	2.0835	2.0835																																		
aa_445-452_+2	2.093	9.068	2.2675	2.79	1.569																																		
aa_453-469_+3	3.199	2.3095	2.843	3.3775	2.6655																																		
aa_453-469_+2	1.521	4.3915	1.6885	1.352	1.6895																																		
aa_453-477_+3	3.892	4.775	3.0065	3.3615	2.299																																		
aa_453-477_+4	1.563	4.34	2.951	2.258	3.125																																		
aa_464-477_+2	1.608	8.928	2.1425	3.036	1.965																																		
aa_470-477_+1	2.055	8.5615	2.9105	1.711	1.3695																																		
aa_470-477_+2	1.919	12.7325	2.2675	1.0465	1.2205																																		
																																							
																																							
																																							
																																							
																																							
																																							
																																							
																																							
																																							
																																							
																																							
																																							
																																							
																																							
																																							
																																							
																																							
																																							
																																							
																																							
																																							
																																							
																																							
																																							
																																							
																																							
																																							
																																							
																																							
																																							
																																							
																																							
																																							
																																							
																																							
																																							
																																							
																																							
																																							
